90.0000
   88.1053
   86.2105
   84.3158
   82.4211
   80.5263
   78.6316
   76.7368
   74.8421
   72.9474
   71.0526
   69.1579
   67.2632
   65.3684
   63.4737
   61.5789
   59.6842
   57.7895
   55.8947
   54.0000
   52.1053
   50.2105
   48.3158
   46.4211
   44.5263
   42.6316
   40.7368
   38.8421
   36.9474
   35.0526
   33.1579
   31.2632
   29.3684
   27.4737
   25.5789
   23.6842
   21.7895
   19.8947
   18.0000
   16.1053
   14.2105
   12.3158
   10.4211
    8.5263
    6.6316
    4.7368
    2.8421
    0.9474
   -0.9474
   -2.8421
   -4.7368
   -6.6316
   -8.5263
  -10.4211
  -12.3158
  -14.2105
  -16.1053
  -18.0000
  -19.8947
  -21.7895
  -23.6842
  -25.5789
  -27.4737
  -29.3684
  -31.2632
  -33.1579
  -35.0526
  -36.9474
  -38.8421
  -40.7368
  -42.6316
  -44.5263
  -46.4211
  -48.3158
  -50.2105
  -52.1053
  -54.0000
  -55.8947
  -57.7895
  -59.6842
  -61.5789
  -63.4737
  -65.3684
  -67.2632
  -69.1579
  -71.0526
  -72.9474
  -74.8421
  -76.7368
  -78.6316
  -80.5263
  -82.4211
  -84.3158
  -86.2105
  -88.1053
-90.0000
