90.0000   112.9794
    90.0000   107.0521
    90.0000    97.4992
    90.0000    85.3720
    90.0000    74.8670
    90.0000    67.9125
    90.0000    66.8879
    90.0000    72.0274
    90.0000    81.7904
    90.0000    93.2541
    90.0000   104.5117
    90.0000   111.8476
    88.1053   111.1893
    88.1053   105.2372
    88.1053    95.6862
    88.1053    83.5817
    88.1053    73.0979
    88.1053    66.1418
    88.1053    65.1000
    88.1053    70.2315
    88.1053    80.0115
    88.1053    91.5072
    88.1053   102.7822
    88.1053   110.0976
    86.2105   109.3966
    86.2105   103.4208
    86.2105    93.8725
    86.2105    81.7922
    86.2105    71.3312
    86.2105    64.3746
    86.2105    63.3151
    86.2105    68.4378
    86.2105    78.2339
    86.2105    89.7600
    86.2105   101.0502
    86.2105   108.3443
    84.3158   107.6017
    84.3158   101.6033
    84.3158    92.0586
    84.3158    80.0036
    84.3158    69.5673
    84.3158    62.6114
    84.3158    61.5340
    84.3158    66.6469
    84.3158    76.4579
    84.3158    88.0129
    84.3158    99.3162
    84.3158   106.5881
    82.4211   105.8048
    82.4211    99.7847
    82.4211    90.2446
    82.4211    78.2163
    82.4211    67.8067
    82.4211    60.8527
    82.4211    59.7569
    82.4211    64.8588
    82.4211    74.6838
    82.4211    86.2662
    82.4211    97.5807
    82.4211   104.8293
    80.5263   104.0060
    80.5263    97.9653
    80.5263    88.4304
    80.5263    76.4304
    80.5263    66.0494
    80.5263    59.0988
    80.5263    57.9841
    80.5263    63.0740
    80.5263    72.9118
    80.5263    84.5200
    80.5263    95.8436
    80.5263   103.0681
    78.6316   102.2058
    78.6316    96.1452
    78.6316    86.6164
    78.6316    74.6462
    78.6316    64.2962
    78.6316    57.3504
    78.6316    56.2165
    78.6316    61.2929
    78.6316    71.1422
    78.6316    82.7747
    78.6316    94.1057
    78.6316   101.3051
    76.7368   100.4042
    76.7368    94.3245
    76.7368    84.8027
    76.7368    72.8639
    76.7368    62.5473
    76.7368    55.6081
    76.7368    54.4543
    76.7368    59.5157
    76.7368    69.3754
    76.7368    81.0306
    76.7368    92.3670
    76.7368    99.5402
    74.8421    98.6016
    74.8421    92.5036
    74.8421    82.9895
    74.8421    71.0840
    74.8421    60.8034
    74.8421    53.8726
    74.8421    52.6983
    74.8421    57.7432
    74.8421    67.6117
    74.8421    79.2881
    74.8421    90.6279
    74.8421    97.7741
    72.9474    96.7981
    72.9474    90.6825
    72.9474    81.1770
    72.9474    69.3066
    72.9474    59.0650
    72.9474    52.1446
    72.9474    50.9493
    72.9474    55.9757
    72.9474    65.8515
    72.9474    77.5474
    72.9474    88.8887
    72.9474    96.0069
    71.0526    94.9938
    71.0526    88.8612
    71.0526    79.3652
    71.0526    67.5320
    71.0526    57.3325
    71.0526    50.4250
    71.0526    49.2079
    71.0526    54.2137
    71.0526    64.0952
    71.0526    75.8089
    71.0526    87.1497
    71.0526    94.2387
    69.1579    93.1890
    69.1579    87.0400
    69.1579    77.5545
    69.1579    65.7607
    69.1579    55.6068
    69.1579    48.7148
    69.1579    47.4752
    69.1579    52.4581
    69.1579    62.3433
    69.1579    74.0729
    69.1579    85.4112
    69.1579    92.4700
    67.2632    91.3840
    67.2632    85.2192
    67.2632    75.7450
    67.2632    63.9930
    67.2632    53.8886
    67.2632    47.0150
    67.2632    45.7522
    67.2632    50.7094
    67.2632    60.5962
    67.2632    72.3398
    67.2632    83.6735
    67.2632    90.7010
    65.3684    89.5787
    65.3684    83.3986
    65.3684    73.9369
    65.3684    62.2292
    65.3684    52.1786
    65.3684    45.3269
    65.3684    44.0399
    65.3684    48.9685
    65.3684    58.8544
    65.3684    70.6100
    65.3684    81.9368
    65.3684    88.9318
    63.4737    87.7736
    63.4737    81.5787
    63.4737    72.1305
    63.4737    60.4700
    63.4737    50.4779
    63.4737    43.6521
    63.4737    42.3401
    63.4737    47.2363
    63.4737    57.1187
    63.4737    68.8839
    63.4737    80.2017
    63.4737    87.1628
    61.5789    85.9686
    61.5789    79.7594
    61.5789    70.3258
    61.5789    58.7157
    61.5789    48.7874
    61.5789    41.9920
    61.5789    40.6540
    61.5789    45.5139
    61.5789    55.3895
    61.5789    67.1619
    61.5789    78.4682
    61.5789    85.3941
    59.6842    84.1641
    59.6842    77.9412
    59.6842    68.5233
    59.6842    56.9671
    59.6842    47.1086
    59.6842    40.3487
    59.6842    38.9837
    59.6842    43.8025
    59.6842    53.6679
    59.6842    65.4446
    59.6842    76.7369
    59.6842    83.6262
    57.7895    82.3601
    57.7895    76.1239
    57.7895    66.7232
    57.7895    55.2246
    57.7895    45.4426
    57.7895    38.7243
    57.7895    37.3313
    57.7895    42.1036
    57.7895    51.9544
    57.7895    63.7326
    57.7895    75.0080
    57.7895    81.8592
    55.8947    80.5569
    55.8947    74.3079
    55.8947    64.9257
    55.8947    53.4888
    55.8947    43.7908
    55.8947    37.1212
    55.8947    35.6993
    55.8947    40.4187
    55.8947    50.2500
    55.8947    62.0262
    55.8947    73.2819
    55.8947    80.0932
    54.0000    78.7548
    54.0000    72.4933
    54.0000    63.1312
    54.0000    51.7608
    54.0000    42.1554
    54.0000    35.5427
    54.0000    34.0908
    54.0000    38.7498
    54.0000    48.5559
    54.0000    60.3263
    54.0000    71.5592
    54.0000    78.3288
    52.1053    76.9538
    52.1053    70.6805
    52.1053    61.3401
    52.1053    50.0413
    52.1053    40.5382
    52.1053    33.9921
    52.1053    32.5093
    52.1053    37.0990
    52.1053    46.8732
    52.1053    58.6335
    52.1053    69.8400
    52.1053    76.5662
    50.2105    75.1542
    50.2105    68.8694
    50.2105    59.5526
    50.2105    48.3312
    50.2105    38.9415
    50.2105    32.4734
    50.2105    30.9588
    50.2105    35.4689
    50.2105    45.2031
    50.2105    56.9484
    50.2105    68.1249
    50.2105    74.8054
    48.3158    73.3563
    48.3158    67.0605
    48.3158    57.7693
    48.3158    46.6319
    48.3158    37.3681
    48.3158    30.9915
    48.3158    29.4446
    48.3158    33.8627
    48.3158    43.5474
    48.3158    55.2721
    48.3158    66.4145
    48.3158    73.0471
    46.4211    71.5603
    46.4211    65.2540
    46.4211    55.9906
    46.4211    44.9444
    46.4211    35.8212
    46.4211    29.5518
    46.4211    27.9724
    46.4211    32.2839
    46.4211    41.9078
    46.4211    53.6055
    46.4211    64.7093
    46.4211    71.2915
    44.5263    69.7664
    44.5263    63.4501
    44.5263    54.2169
    44.5263    43.2702
    44.5263    34.3042
    44.5263    28.1610
    44.5263    26.5492
    44.5263    30.7367
    44.5263    40.2862
    44.5263    51.9494
    44.5263    63.0096
    44.5263    69.5388
    42.6316    67.9750
    42.6316    61.6492
    42.6316    52.4491
    42.6316    41.6112
    42.6316    32.8216
    42.6316    26.8267
    42.6316    25.1836
    42.6316    29.2264
    42.6316    38.6852
    42.6316    50.3053
    42.6316    61.3163
    42.6316    67.7897
    40.7368    66.1861
    40.7368    59.8516
    40.7368    50.6875
    40.7368    39.9691
    40.7368    31.3782
    40.7368    25.5578
    40.7368    23.8853
    40.7368    27.7588
    40.7368    37.1073
    40.7368    48.6742
    40.7368    59.6300
    40.7368    66.0442
    38.8421    64.4005
    38.8421    58.0578
    38.8421    48.9332
    38.8421    38.3464
    38.8421    29.9798
    38.8421    24.3646
    38.8421    22.6660
    38.8421    26.3414
    38.8421    35.5558
    38.8421    47.0579
    38.8421    57.9516
    38.8421    64.3032
    36.9474    62.6182
    36.9474    56.2681
    36.9474    47.1869
    36.9474    36.7455
    36.9474    28.6330
    36.9474    23.2587
    36.9474    21.5392
    36.9474    24.9825
    36.9474    34.0343
    36.9474    45.4579
    36.9474    56.2817
    36.9474    62.5669
    35.0526    60.8397
    35.0526    54.4829
    35.0526    45.4495
    35.0526    35.1696
    35.0526    27.3454
    35.0526    22.2533
    35.0526    20.5200
    35.0526    23.6923
    35.0526    32.5471
    35.0526    43.8760
    35.0526    54.6213
    35.0526    60.8358
    33.1579    59.0654
    33.1579    52.7029
    33.1579    43.7223
    33.1579    33.6222
    33.1579    26.1259
    33.1579    21.3625
    33.1579    19.6255
    33.1579    22.4827
    33.1579    31.0991
    33.1579    42.3145
    33.1579    52.9715
    33.1579    59.1106
    31.2632    57.2959
    31.2632    50.9287
    31.2632    42.0066
    31.2632    32.1075
    31.2632    24.9846
    31.2632    20.6013
    31.2632    18.8732
    31.2632    21.3675
    31.2632    29.6963
    31.2632    40.7758
    31.2632    51.3334
    31.2632    57.3920
    29.3684    55.5316
    29.3684    49.1609
    29.3684    40.3037
    29.3684    30.6303
    29.3684    23.9326
    29.3684    19.9844
    29.3684    18.2807
    29.3684    20.3621
    29.3684    28.3452
    29.3684    39.2625
    29.3684    49.7082
    29.3684    55.6806
    27.4737    53.7732
    27.4737    47.4003
    27.4737    38.6156
    27.4737    29.1966
    27.4737    22.9823
    27.4737    19.5257
    27.4737    17.8641
    27.4737    19.4837
    27.4737    27.0538
    27.4737    37.7779
    27.4737    48.0975
    27.4737    53.9773
    25.5789    52.0211
    25.5789    45.6477
    25.5789    36.9442
    25.5789    27.8130
    25.5789    22.1467
    25.5789    19.2364
    25.5789    17.6357
    25.5789    18.7500
    25.5789    25.8311
    25.5789    36.3256
    25.5789    46.5026
    25.5789    52.2828
    23.6842    50.2765
    23.6842    43.9044
    23.6842    35.2922
    23.6842    26.4875
    23.6842    21.4395
    23.6842    19.1243
    23.6842    17.6030
    23.6842    18.1787
    23.6842    24.6873
    23.6842    34.9098
    23.6842    44.9257
    23.6842    50.5983
    21.7895    48.5400
    21.7895    42.1714
    21.7895    33.6622
    21.7895    25.2292
    21.7895    20.8735
    21.7895    19.1924
    21.7895    17.7670
    21.7895    17.7854
    21.7895    23.6339
    21.7895    33.5350
    21.7895    43.3686
    21.7895    48.9249
    19.8947    46.8125
    19.8947    40.4499
    19.8947    32.0578
    19.8947    24.0488
    19.8947    20.4606
    19.8947    19.4388
    19.8947    18.1223
    19.8947    17.5821
    19.8947    22.6834
    19.8947    32.2067
    19.8947    41.8336
    19.8947    47.2638
    18.0000    45.0953
    18.0000    38.7419
    18.0000    30.4830
    18.0000    22.9583
    18.0000    20.2102
    18.0000    19.8570
    18.0000    18.6580
    18.0000    17.5753
    18.0000    21.8496
    18.0000    30.9308
    18.0000    40.3235
    18.0000    45.6165
    16.1053    43.3896
    16.1053    37.0491
    16.1053    28.9428
    16.1053    21.9711
    16.1053    20.1283
    16.1053    20.4363
    16.1053    19.3592
    16.1053    17.7654
    16.1053    21.1461
    16.1053    29.7143
    16.1053    38.8411
    16.1053    43.9846
    14.2105    41.6968
    14.2105    35.3736
    14.2105    27.4428
    14.2105    21.1018
    14.2105    20.2171
    14.2105    21.1635
    14.2105    20.2086
    14.2105    18.1461
    14.2105    20.5864
    14.2105    28.5646
    14.2105    37.3899
    14.2105    42.3699
    12.3158    40.0188
    12.3158    33.7182
    12.3158    25.9904
    12.3158    20.3656
    12.3158    20.4742
    12.3158    22.0240
    12.3158    21.1883
    12.3158    18.7057
    12.3158    20.1824
    12.3158    27.4905
    12.3158    35.9738
    12.3158    40.7747
    10.4211    38.3574
    10.4211    32.0861
    10.4211    24.5938
    10.4211    19.7772
    10.4211    20.8934
    10.4211    23.0026
    10.4211    22.2812
    10.4211    19.4288
    10.4211    19.9437
    10.4211    26.5010
    10.4211    34.5971
    10.4211    39.2014
     8.5263    36.7150
     8.5263    30.4809
     8.5263    23.2631
     8.5263    19.3503
     8.5263    21.4653
     8.5263    24.0852
     8.5263    23.4714
     8.5263    20.2980
     8.5263    19.8761
     8.5263    25.6059
     8.5263    33.2647
     8.5263    37.6526
     6.6316    35.0944
     6.6316    28.9074
     6.6316    22.0104
     6.6316    19.0956
     6.6316    22.1780
     6.6316    25.2582
     6.6316    24.7448
     6.6316    21.2953
     6.6316    19.9814
     6.6316    24.8157
     6.6316    31.9825
     6.6316    36.1319
     4.7368    33.4986
     4.7368    27.3708
     4.7368    20.8497
     4.7368    19.0201
     4.7368    23.0184
     4.7368    26.5096
     4.7368    26.0894
     4.7368    22.4036
     4.7368    20.2570
     4.7368    24.1405
     4.7368    30.7566
     4.7368    34.6427
     2.8421    31.9316
     2.8421    25.8779
     2.8421    19.7973
     2.8421    19.1260
     2.8421    23.9731
     2.8421    27.8287
     2.8421    27.4944
     2.8421    23.6072
     2.8421    20.6960
     2.8421    23.5905
     2.8421    29.5942
     2.8421    33.1897
     0.9474    30.3979
     0.9474    24.4368
     0.9474    18.8714
     0.9474    19.4102
     0.9474    25.0289
     0.9474    29.2064
     0.9474    28.9511
     0.9474    24.8922
     0.9474    21.2882
     0.9474    23.1743
     0.9474    28.5030
     0.9474    31.7777
    -0.9474    28.9026
    -0.9474    23.0571
    -0.9474    18.0913
    -0.9474    19.8651
    -0.9474    26.1736
    -0.9474    30.6348
    -0.9474    30.4522
    -0.9474    26.2468
    -0.9474    22.0214
    -0.9474    22.8995
    -0.9474    27.4916
    -0.9474    30.4124
    -2.8421    27.4523
    -2.8421    21.7506
    -2.8421    17.4767
    -2.8421    20.4792
    -2.8421    27.3960
    -2.8421    32.1069
    -2.8421    31.9912
    -2.8421    27.6606
    -2.8421    22.8819
    -2.8421    22.7711
    -2.8421    26.5692
    -2.8421    29.1007
    -4.7368    26.0545
    -4.7368    20.5313
    -4.7368    17.0455
    -4.7368    21.2389
    -4.7368    28.6861
    -4.7368    33.6170
    -4.7368    33.5628
    -4.7368    29.1249
    -4.7368    23.8559
    -4.7368    22.7916
    -4.7368    25.7455
    -4.7368    27.8500
    -6.6316    24.7180
    -6.6316    19.4156
    -6.6316    16.8117
    -6.6316    22.1290
    -6.6316    30.0352
    -6.6316    35.1603
    -6.6316    35.1629
    -6.6316    30.6326
    -6.6316    24.9302
    -6.6316    22.9606
    -6.6316    25.0301
    -6.6316    26.6690
    -8.5263    23.4536
    -8.5263    18.4226
    -8.5263    16.7838
    -8.5263    23.1345
    -8.5263    31.4355
    -8.5263    36.7323
    -8.5263    36.7874
    -8.5263    32.1774
    -8.5263    26.0922
    -8.5263    23.2748
    -8.5263    24.4326
    -8.5263    25.5674
   -10.4211    22.2733
   -10.4211    17.5728
   -10.4211    16.9626
   -10.4211    24.2411
   -10.4211    32.8806
   -10.4211    38.3296
   -10.4211    38.4334
   -10.4211    33.7542
   -10.4211    27.3308
   -10.4211    23.7286
   -10.4211    23.9620
   -10.4211    24.5561
   -12.3158    21.1915
   -12.3158    16.8881
   -12.3158    17.3418
   -12.3158    25.4353
   -12.3158    34.3647
   -12.3158    39.9490
   -12.3158    40.0980
   -12.3158    35.3587
   -12.3158    28.6360
   -12.3158    24.3139
   -12.3158    23.6258
   -12.3158    23.6465
   -14.2105    20.2238
   -14.2105    16.3891
   -14.2105    17.9086
   -14.2105    26.7056
   -14.2105    35.8829
   -14.2105    41.5879
   -14.2105    41.7790
   -14.2105    36.9872
   -14.2105    29.9990
   -14.2105    25.0217
   -14.2105    23.4298
   -14.2105    22.8510
   -16.1053    19.3875
   -16.1053    16.0932
   -16.1053    18.6460
   -16.1053    28.0415
   -16.1053    37.4310
   -16.1053    43.2441
   -16.1053    43.4745
   -16.1053    38.6367
   -16.1053    31.4123
   -16.1053    25.8418
   -16.1053    23.3775
   -16.1053    22.1817
   -18.0000    18.7001
   -18.0000    16.0116
   -18.0000    19.5345
   -18.0000    29.4340
   -18.0000    39.0054
   -18.0000    44.9155
   -18.0000    45.1828
   -18.0000    40.3044
   -18.0000    32.8693
   -18.0000    26.7638
   -18.0000    23.4699
   -18.0000    21.6505
   -19.8947    18.1787
   -19.8947    16.1476
   -19.8947    20.5546
   -19.8947    30.8754
   -19.8947    40.6029
   -19.8947    46.6004
   -19.8947    46.9023
   -19.8947    41.9883
   -19.8947    34.3643
   -19.8947    27.7775
   -19.8947    23.7054
   -19.8947    21.2678
   -21.7895    17.8378
   -21.7895    16.4957
   -21.7895    21.6878
   -21.7895    32.3593
   -21.7895    42.2209
   -21.7895    48.2975
   -21.7895    48.6320
   -21.7895    43.6864
   -21.7895    35.8928
   -21.7895    28.8733
   -21.7895    24.0796
   -21.7895    21.0415
   -23.6842    17.6878
   -23.6842    17.0430
   -23.6842    22.9172
   -23.6842    33.8798
   -23.6842    43.8571
   -23.6842    50.0053
   -23.6842    50.3706
   -23.6842    45.3969
   -23.6842    37.4504
   -23.6842    30.0421
   -23.6842    24.5863
   -23.6842    20.9768
   -25.5789    17.7336
   -25.5789    17.7711
   -25.5789    24.2281
   -25.5789    35.4322
   -25.5789    45.5093
   -25.5789    51.7226
   -25.5789    52.1172
   -25.5789    47.1185
   -25.5789    39.0335
   -25.5789    31.2756
   -25.5789    25.2175
   -25.5789    21.0753
   -27.4737    17.9737
   -27.4737    18.6588
   -27.4737    25.6080
   -27.4737    37.0126
   -27.4737    47.1759
   -27.4737    53.4487
   -27.4737    53.8710
   -27.4737    48.8501
   -27.4737    40.6393
   -27.4737    32.5666
   -27.4737    25.9640
   -27.4737    21.3346
   -29.3684    18.4004
   -29.3684    19.6845
   -29.3684    27.0463
   -29.3684    38.6173
   -29.3684    48.8553
   -29.3684    55.1824
   -29.3684    55.6311
   -29.3684    50.5904
   -29.3684    42.2650
   -29.3684    33.9083
   -29.3684    26.8161
   -29.3684    21.7489
   -31.2632    19.0013
   -31.2632    20.8278
   -31.2632    28.5342
   -31.2632    40.2436
   -31.2632    50.5462
   -31.2632    56.9232
   -31.2632    57.3971
   -31.2632    52.3387
   -31.2632    43.9083
   -31.2632    35.2949
   -31.2632    27.7642
   -31.2632    22.3097
   -33.1579    19.7603
   -33.1579    22.0704
   -33.1579    30.0642
   -33.1579    41.8886
   -33.1579    52.2473
   -33.1579    58.6701
   -33.1579    59.1682
   -33.1579    54.0939
   -33.1579    45.5673
   -33.1579    36.7211
   -33.1579    28.7986
   -33.1579    23.0062
   -35.0526    20.6601
   -35.0526    23.3964
   -35.0526    31.6302
   -35.0526    43.5502
   -35.0526    53.9575
   -35.0526    60.4226
   -35.0526    60.9438
   -35.0526    55.8554
   -35.0526    47.2402
   -35.0526    38.1826
   -35.0526    29.9104
   -35.0526    23.8264
   -36.9474    21.6832
   -36.9474    24.7926
   -36.9474    33.2271
   -36.9474    45.2268
   -36.9474    55.6762
   -36.9474    62.1803
   -36.9474    62.7238
   -36.9474    57.6226
   -36.9474    48.9256
   -36.9474    39.6755
   -36.9474    31.0913
   -36.9474    24.7581
   -38.8421    22.8128
   -38.8421    26.2475
   -38.8421    34.8505
   -38.8421    46.9163
   -38.8421    57.4021
   -38.8421    63.9424
   -38.8421    64.5074
   -38.8421    59.3948
   -38.8421    50.6220
   -38.8421    41.1960
   -38.8421    32.3335
   -38.8421    25.7890
   -40.7368    24.0340
   -40.7368    27.7520
   -40.7368    36.4969
   -40.7368    48.6176
   -40.7368    59.1348
   -40.7368    65.7086
   -40.7368    66.2943
   -40.7368    61.1716
   -40.7368    52.3284
   -40.7368    42.7412
   -40.7368    33.6303
   -40.7368    26.9079
   -42.6316    25.3335
   -42.6316    29.2985
   -42.6316    38.1633
   -42.6316    50.3293
   -42.6316    60.8736
   -42.6316    67.4786
   -42.6316    68.0844
   -42.6316    62.9525
   -42.6316    54.0439
   -42.6316    44.3086
   -42.6316    34.9755
   -42.6316    28.1042
   -44.5263    26.6998
   -44.5263    30.8804
   -44.5263    39.8471
   -44.5263    52.0503
   -44.5263    62.6177
   -44.5263    69.2517
   -44.5263    69.8770
   -44.5263    64.7370
   -44.5263    55.7672
   -44.5263    45.8956
   -44.5263    36.3636
   -44.5263    29.3682
   -46.4211    28.1232
   -46.4211    32.4928
   -46.4211    41.5462
   -46.4211    53.7798
   -46.4211    64.3668
   -46.4211    71.0278
   -46.4211    71.6721
   -46.4211    66.5249
   -46.4211    57.4979
   -46.4211    47.5004
   -46.4211    37.7900
   -46.4211    30.6917
   -48.3158    29.5953
   -48.3158    34.1310
   -48.3158    43.2586
   -48.3158    55.5166
   -48.3158    66.1201
   -48.3158    72.8064
   -48.3158    73.4692
   -48.3158    68.3157
   -48.3158    59.2350
   -48.3158    49.1209
   -48.3158    39.2501
   -48.3158    32.0671
   -50.2105    31.1092
   -50.2105    35.7917
   -50.2105    44.9829
   -50.2105    57.2602
   -50.2105    67.8774
   -50.2105    74.5873
   -50.2105    75.2682
   -50.2105    70.1091
   -50.2105    60.9779
   -50.2105    50.7556
   -50.2105    40.7405
   -50.2105    33.4881
   -52.1053    32.6591
   -52.1053    37.4718
   -52.1053    46.7177
   -52.1053    59.0099
   -52.1053    69.6383
   -52.1053    76.3703
   -52.1053    77.0688
   -52.1053    71.9049
   -52.1053    62.7262
   -52.1053    52.4032
   -52.1053    42.2579
   -52.1053    34.9491
   -54.0000    34.2400
   -54.0000    39.1686
   -54.0000    48.4617
   -54.0000    60.7650
   -54.0000    71.4023
   -54.0000    78.1550
   -54.0000    78.8708
   -54.0000    73.7027
   -54.0000    64.4791
   -54.0000    54.0622
   -54.0000    43.7993
   -54.0000    36.4451
   -55.8947    35.8478
   -55.8947    40.8801
   -55.8947    50.2139
   -55.8947    62.5250
   -55.8947    73.1690
   -55.8947    79.9411
   -55.8947    80.6739
   -55.8947    75.5023
   -55.8947    66.2362
   -55.8947    55.7316
   -55.8947    45.3621
   -55.8947    37.9719
   -57.7895    37.4790
   -57.7895    42.6046
   -57.7895    51.9736
   -57.7895    64.2894
   -57.7895    74.9383
   -57.7895    81.7285
   -57.7895    82.4781
   -57.7895    77.3036
   -57.7895    67.9973
   -57.7895    57.4105
   -57.7895    46.9443
   -57.7895    39.5260
   -59.6842    39.1306
   -59.6842    44.3404
   -59.6842    53.7398
   -59.6842    66.0578
   -59.6842    76.7096
   -59.6842    83.5168
   -59.6842    84.2830
   -59.6842    79.1061
   -59.6842    69.7616
   -59.6842    59.0977
   -59.6842    48.5436
   -59.6842    41.1041
   -61.5789    40.8000
   -61.5789    46.0861
   -61.5789    55.5119
   -61.5789    67.8296
   -61.5789    78.4828
   -61.5789    85.3059
   -61.5789    86.0884
   -61.5789    80.9097
   -61.5789    71.5290
   -61.5789    60.7925
   -61.5789    50.1585
   -61.5789    42.7036
   -63.4737    42.4852
   -63.4737    47.8408
   -63.4737    57.2894
   -63.4737    69.6048
   -63.4737    80.2576
   -63.4737    87.0957
   -63.4737    87.8943
   -63.4737    82.7144
   -63.4737    73.2992
   -63.4737    62.4943
   -63.4737    51.7875
   -63.4737    44.3220
   -65.3684    44.1841
   -65.3684    49.6032
   -65.3684    59.0715
   -65.3684    71.3826
   -65.3684    82.0337
   -65.3684    88.8857
   -65.3684    89.7004
   -65.3684    84.5197
   -65.3684    75.0717
   -65.3684    64.2023
   -65.3684    53.4290
   -65.3684    45.9573
   -67.2632    45.8955
   -67.2632    51.3728
   -67.2632    60.8579
   -67.2632    73.1630
   -67.2632    83.8109
   -67.2632    90.6759
   -67.2632    91.5065
   -67.2632    86.3257
   -67.2632    76.8463
   -67.2632    65.9159
   -67.2632    55.0819
   -67.2632    47.6076
   -69.1579    47.6176
   -69.1579    53.1485
   -69.1579    62.6481
   -69.1579    74.9456
   -69.1579    85.5889
   -69.1579    92.4660
   -69.1579    93.3125
   -69.1579    88.1320
   -69.1579    78.6227
   -69.1579    67.6345
   -69.1579    56.7449
   -69.1579    49.2713
   -71.0526    49.3494
   -71.0526    54.9298
   -71.0526    64.4417
   -71.0526    76.7300
   -71.0526    87.3674
   -71.0526    94.2558
   -71.0526    95.1180
   -71.0526    89.9384
   -71.0526    80.4005
   -71.0526    69.3576
   -71.0526    58.4173
   -71.0526    50.9471
   -72.9474    51.0899
   -72.9474    56.7162
   -72.9474    66.2385
   -72.9474    78.5163
   -72.9474    89.1464
   -72.9474    96.0451
   -72.9474    96.9232
   -72.9474    91.7450
   -72.9474    82.1797
   -72.9474    71.0848
   -72.9474    60.0980
   -72.9474    52.6338
   -74.8421    52.8380
   -74.8421    58.5069
   -74.8421    68.0379
   -74.8421    80.3038
   -74.8421    90.9253
   -74.8421    97.8337
   -74.8421    98.7276
   -74.8421    93.5512
   -74.8421    83.9598
   -74.8421    72.8155
   -74.8421    61.7863
   -74.8421    54.3301
   -76.7368    54.5930
   -76.7368    60.3017
   -76.7368    69.8397
   -76.7368    82.0925
   -76.7368    92.7042
   -76.7368    99.6213
   -76.7368   100.5311
   -76.7368    95.3571
   -76.7368    85.7407
   -76.7368    74.5494
   -76.7368    63.4814
   -76.7368    56.0352
   -78.6316    56.3544
   -78.6316    62.1002
   -78.6316    71.6438
   -78.6316    83.8822
   -78.6316    94.4828
   -78.6316   101.4078
   -78.6316   102.3335
   -78.6316    97.1626
   -78.6316    87.5222
   -78.6316    76.2862
   -78.6316    65.1827
   -78.6316    57.7482
   -80.5263    58.1211
   -80.5263    63.9018
   -80.5263    73.4498
   -80.5263    85.6726
   -80.5263    96.2607
   -80.5263   103.1928
   -80.5263   104.1346
   -80.5263    98.9673
   -80.5263    89.3040
   -80.5263    78.0253
   -80.5263    66.8894
   -80.5263    59.4682
   -82.4211    59.8930
   -82.4211    65.7065
   -82.4211    75.2575
   -82.4211    87.4635
   -82.4211    98.0379
   -82.4211   104.9762
   -82.4211   105.9342
   -82.4211   100.7711
   -82.4211    91.0859
   -82.4211    79.7666
   -82.4211    68.6012
   -82.4211    61.1947
   -84.3158    61.6693
   -84.3158    67.5136
   -84.3158    77.0666
   -84.3158    89.2547
   -84.3158    99.8139
   -84.3158   106.7577
   -84.3158   107.7319
   -84.3158   102.5737
   -84.3158    92.8676
   -84.3158    81.5096
   -84.3158    70.3175
   -84.3158    62.9269
   -86.2105    63.4496
   -86.2105    69.3230
   -86.2105    78.8770
   -86.2105    91.0460
   -86.2105   101.5886
   -86.2105   108.5369
   -86.2105   109.5277
   -86.2105   104.3750
   -86.2105    94.6489
   -86.2105    83.2540
   -86.2105    72.0376
   -86.2105    64.6642
   -88.1053    65.2335
   -88.1053    71.1346
   -88.1053    80.6885
   -88.1053    92.8372
   -88.1053   103.3618
   -88.1053   110.3137
   -88.1053   111.3212
   -88.1053   106.1748
   -88.1053    96.4297
   -88.1053    84.9996
   -88.1053    73.7614
   -88.1053    66.4063
   -90.0000    67.0207
   -90.0000    72.9479
   -90.0000    82.5008
   -90.0000    94.6280
   -90.0000   105.1330
   -90.0000   112.0875
   -90.0000   113.1121
   -90.0000   107.9727
   -90.0000    98.2097
   -90.0000    86.7459
   -90.0000    75.4883
-90.0000 68.1525
